import json

# List of dictionaries to split
data = [
  {
    "input": {
      "array": [
        [0, 0, 0, 0, 0, 0, 0],
        [1, 0, 0, 0, 0, 0, 0],
        [0, 0, 1, 1, 1, 0, 0],
        [0, 0, 0, 0, 0, 0, 0],
        [1, 1, 1, 0, 0, 1, 0],
        [0, 0, 0, 0, 0, 0, 1],
        [0, 0, 0, 0, 0, 0, 0]
      ],
      "source": 3
    },
    "expected_output": [0, 0, 0, 25, 25, 0, 0]
  },
  {
    "input": {
      "array": [
        [0],
        [0],
        [0],
        [0],
        [0],
        [0],
        [0]
      ],
      "source": 0
    },
    "expected_output": [100]
  },
  {
    "input": {
      "array": [
        [0],
        [0],
        [0],
        [0],
        [0],
        [1],
        [0]
      ],
      "source": 0
    },
    "expected_output": [0]
  },
  {
    "input": {
      "array": [
        [0, 0, 0, 0, 0, 0, 0],
        [1, 0, 1, 0, 1, 0, 0],
        [0, 0, 1, 1, 1, 0, 0],
        [0, 0, 0, 0, 0, 0, 0],
        [1, 1, 1, 0, 0, 1, 0],
        [0, 0, 0, 0, 0, 0, 1],
        [0, 0, 0, 0, 0, 0, 0]
      ],
      "source": 3
    },
    "expected_output": [0, 0, 0, 0, 0, 0, 0]
  },
  {
    "input": {
      "array": [
        [0, 0, 0, 0, 0, 0, 0],
        [1, 0, 1, 0, 0, 0, 0],
        [0, 0, 1, 1, 1, 0, 0],
        [0, 0, 0, 0, 0, 0, 0],
        [1, 1, 1, 0, 0, 1, 0],
        [0, 0, 0, 0, 0, 0, 1],
        [0, 0, 0, 0, 0, 0, 0]
      ],
      "source": 3
    },
    "expected_output": [0, 0, 0, 0, 25, 0, 0]
  },
  {
    "input": {
      "array": [
        [0, 0, 0, 0, 0, 0, 0],
        [1, 0, 0, 0, 0, 0, 0],
        [0, 0, 1, 1, 1, 0, 0],
        [0, 0, 1, 0, 0, 0, 1],
        [0, 0, 1, 0, 1, 1, 0],
        [0, 1, 0, 0, 0, 0, 0],
        [0, 0, 0, 1, 0, 0, 0],
        [0, 0, 1, 0, 1, 0, 0],
        [0, 0, 0, 0, 0, 0, 0]
      ],
      "source": 3
    },
    "expected_output": [25, 6.25, 0, 0, 0, 6.25, 0]
  },
  {
    "input": {
      "array": [
        [0, 0, 0, 0, 0, 0, 0],
        [1, 0, 0, 0, 0, 0, 0],
        [0, 0, 1, 1, 1, 0, 0],
        [0, 0, 1, 0, 0, 0, 1],
        [0, 0, 1, 0, 1, 1, 0],
        [0, 1, 0, 0, 0, 0, 0],
        [0, 0, 0, 1, 0, 0, 0],
        [1, 1, 1, 1, 1, 1, 1],
        [0, 0, 0, 0, 0, 0, 0]
      ],
      "source": 6
    },
    "expected_output": [0, 0, 0, 0, 0, 0, 0]
  },
  {
    "input": {
      "array": [
        [0, 0, 0, 0, 0, 0, 0, 0, 0, 0, 0, 0, 0, 0],
        [0, 0, 1, 1, 1, 1, 1, 1, 1, 1, 1, 1, 0, 0],
        [0, 0, 0, 0, 0, 0, 0, 0, 0, 0, 0, 0, 0, 0],
        [0, 0, 0, 0, 0, 0, 0, 0, 0, 0, 0, 0, 1, 0],
        [0, 0, 0, 0, 0, 0, 0, 0, 0, 0, 0, 0, 0, 0],
        [0, 1, 1, 1, 0, 0, 0, 0, 0, 0, 1, 1, 1, 0],
        [0, 0, 0, 0, 0, 0, 0, 0, 0, 0, 0, 0, 0, 0],
        [0, 0, 0, 1, 1, 1, 0, 0, 1, 1, 1, 0, 0, 0],
        [0, 0, 0, 0, 0, 0, 0, 0, 0, 0, 0, 0, 0, 0],
        [0, 1, 0, 0, 0, 0, 0, 0, 0, 0, 1, 1, 0, 0],
        [0, 0, 0, 0, 0, 1, 0, 0, 1, 0, 0, 0, 0, 0],
        [0, 0, 0, 0, 0, 0, 0, 0, 0, 0, 0, 0, 0, 0]
      ],
      "source": 8
    },
    "expected_output": [25, 0, 12.5, 0, 4.6875, 0, 0, 0, 0, 7.8125, 0, 0, 3.125, 37.5]
  }
]


# Split test_cases into separate files
for i, testcase in enumerate(data, start=1):
    filename = f"testcase{i}.json"
    with open(filename, 'w') as file:
        json.dump(testcase, file, indent=4)

print("Test cases have been saved as individual JSON files.")