import json

# List of dictionaries to split
data = test_cases = [
    {
        "input": {
            "endCol": 3,
            "endRow": 4,
            "graph": [
                [0, 0, 0, 0, 0],
                [0, 1, 1, 1, 0],
                [0, 0, 0, 0, 0],
                [1, 0, 1, 1, 1],
                [0, 0, 0, 0, 0]
            ],
            "startCol": 1,
            "startRow": 0
        },
        "expected": [
            [0, 1],
            [0, 0],
            [1, 0],
            [2, 0],
            [2, 1],
            [3, 1],
            [4, 1],
            [4, 2],
            [4, 3]
        ]
    },
    {
        "input": {
            "endCol": 8,
            "endRow": 8,
            "graph": [
                [1, 1, 1, 1, 1, 1, 1, 1, 1, 1],
                [1, 0, 0, 0, 0, 0, 0, 0, 0, 1],
                [1, 1, 0, 1, 1, 1, 1, 1, 0, 1],
                [1, 1, 0, 0, 0, 1, 0, 1, 0, 1],
                [1, 1, 0, 0, 0, 1, 0, 1, 0, 1],
                [1, 1, 0, 0, 0, 1, 0, 1, 0, 1],
                [1, 1, 0, 0, 0, 1, 0, 1, 0, 1],
                [1, 1, 0, 0, 0, 1, 0, 1, 0, 1],
                [1, 1, 1, 1, 1, 1, 0, 0, 0, 1],
                [1, 1, 1, 1, 1, 1, 1, 1, 1, 1]
            ],
            "startCol": 1,
            "startRow": 1
        },
        "expected": [
            [1, 1],
            [1, 2],
            [1, 3],
            [1, 4],
            [1, 5],
            [1, 6],
            [1, 7],
            [1, 8],
            [2, 8],
            [3, 8],
            [4, 8],
            [5, 8],
            [6, 8],
            [7, 8],
            [8, 8]
        ]
    },
    {
        "input": {
            "endCol": 4,
            "endRow": 7,
            "graph": [
                [1, 0, 0, 1, 0, 0, 0, 0, 0, 0],
                [1, 0, 0, 1, 0, 0, 0, 0, 0, 0],
                [1, 1, 0, 1, 0, 0, 0, 0, 0, 0],
                [0, 0, 0, 0, 0, 0, 0, 0, 0, 0],
                [0, 0, 0, 1, 0, 1, 1, 0, 0, 0],
                [0, 0, 0, 1, 0, 0, 1, 0, 0, 0],
                [0, 0, 0, 1, 0, 0, 1, 1, 1, 0],
                [0, 0, 0, 1, 0, 0, 0, 0, 0, 0],
                [0, 0, 0, 1, 1, 1, 0, 1, 1, 1],
                [0, 0, 0, 0, 0, 0, 0, 0, 0, 0]
            ],
            "startCol": 1,
            "startRow": 1
        },
        "expected": [
            [1, 1],
            [1, 2],
            [2, 2],
            [3, 2],
            [3, 3],
            [3, 4],
            [4, 4],
            [5, 4],
            [6, 4],
            [7, 4]
        ]
    },
    {
        "input": {
            "endCol": 1,
            "endRow": 8,
            "graph": [
                [0, 0, 0, 0, 1, 0, 0, 0, 0, 0],
                [0, 0, 1, 0, 1, 0, 0, 0, 0, 0],
                [0, 0, 1, 0, 1, 1, 1, 0, 0, 0],
                [0, 0, 1, 0, 0, 0, 1, 0, 0, 0],
                [0, 0, 1, 1, 1, 0, 1, 0, 0, 0],
                [0, 0, 1, 0, 1, 0, 1, 0, 0, 0],
                [0, 0, 1, 0, 1, 0, 1, 0, 0, 0],
                [0, 0, 1, 0, 1, 0, 1, 0, 0, 0],
                [0, 0, 1, 0, 1, 0, 1, 1, 0, 0],
                [0, 0, 0, 0, 0, 0, 0, 0, 0, 0]
            ],
            "startCol": 8,
            "startRow": 1
        },
        "expected": [
            [1, 8],
            [2, 8],
            [3, 8],
            [4, 8],
            [5, 8],
            [6, 8],
            [7, 8],
            [8, 8],
            [9, 8],
            [9, 7],
            [9, 6],
            [9, 5],
            [9, 4],
            [9, 3],
            [9, 2],
            [9, 1],
            [8, 1]
        ]
    },
    {
        "input": {
            "endCol": 19,
            "endRow": 0,
            "graph": [
                [0, 0, 0, 0, 0, 0, 0, 0, 0, 0, 0, 0, 0, 1, 0, 0, 0, 0, 0, 0],
                [0, 1, 1, 0, 1, 1, 0, 1, 1, 1, 1, 1, 0, 1, 1, 1, 1, 1, 1, 0],
                [0, 1, 0, 0, 1, 0, 0, 0, 1, 0, 0, 0, 0, 0, 0, 0, 0, 1, 1, 0],
                [0, 1, 0, 0, 1, 0, 1, 0, 1, 0, 1, 0, 1, 0, 1, 1, 1, 1, 1, 0],
                [0, 1, 0, 0, 1, 0, 1, 0, 1, 0, 1, 0, 1, 0, 0, 0, 0, 1, 1, 0],
                [0, 1, 0, 0, 1, 0, 1, 0, 1, 0, 1, 0, 1, 1, 1, 1, 0, 1, 1, 0],
                [0, 1, 0, 0, 1, 0, 1, 0, 1, 0, 1, 0, 0, 0, 0, 0, 0, 1, 1, 0],
                [0, 1, 0, 0, 1, 0, 0, 0, 1, 0, 0, 0, 0, 0, 0, 0, 0, 0, 1, 0],
                [0, 0, 0, 0, 1, 0, 1, 1, 0, 0, 1, 0, 0, 1, 0, 1, 1, 0, 1, 0],
                [0, 0, 0, 0, 1, 0, 0, 1, 0, 0, 0, 0, 1, 0, 1, 0, 1, 0, 1, 0],
                [0, 0, 0, 0, 0, 1, 0, 1, 0, 0, 1, 1, 1, 1, 1, 0, 0, 0, 1, 0]
            ],
            "startCol": 0,
            "startRow": 0
        },
        "expected": [
            [0, 0],
            [0, 1],
            [1, 1],
            [2, 1],
            [3, 1],
            [4, 1],
            [5, 1],
            [6, 1],
            [7, 1],
            [8, 1],
            [9, 1],
            [9, 2],
            [8, 2],
            [7, 2],
            [6, 2],
            [5, 2],
            [4, 2]
        ]
    },
{
        "input": {
            "endCol": 17,
            "endRow": 18,
            "graph": [
                [0, 0, 0, 0, 1, 0, 0, 0, 0, 0, 0, 0, 0, 0, 0, 1, 0, 0, 0, 0],
                [0, 0, 0, 0, 1, 0, 0, 1, 1, 1, 0, 0, 0, 0, 0, 1, 1, 0, 0, 0],
                [0, 0, 0, 0, 1, 0, 0, 1, 0, 1, 0, 0, 1, 0, 0, 0, 1, 0, 0, 0],
                [0, 0, 0, 0, 0, 0, 1, 0, 0, 0, 0, 1, 1, 0, 0, 0, 1, 1, 0, 0],
                [0, 0, 0, 0, 1, 1, 0, 0, 0, 0, 1, 0, 0, 0, 0, 0, 0, 1, 0, 0],
                [0, 0, 0, 0, 1, 0, 0, 0, 0, 1, 1, 0, 1, 1, 1, 0, 1, 1, 0, 0],
                [0, 0, 0, 0, 1, 0, 0, 0, 0, 1, 0, 1, 1, 0, 0, 0, 1, 0, 0, 0],
                [0, 0, 0, 0, 1, 0, 0, 0, 1, 0, 0, 1, 0, 0, 1, 1, 1, 0, 0, 0],
                [0, 0, 0, 0, 1, 0, 0, 0, 1, 0, 0, 1, 0, 0, 1, 0, 0, 0, 0, 0],
                [0, 0, 0, 0, 1, 0, 0, 0, 0, 0, 0, 1, 0, 1, 0, 0, 0, 0, 1, 0],
                [0, 0, 0, 0, 1, 0, 1, 1, 0, 0, 0, 1, 0, 0, 0, 1, 1, 0, 1, 0],
                [0, 0, 0, 0, 1, 1, 0, 1, 0, 0, 0, 1, 0, 0, 0, 1, 0, 0, 1, 0],
                [0, 0, 0, 0, 1, 0, 0, 1, 0, 0, 1, 0, 0, 0, 0, 1, 0, 0, 1, 0],
                [0, 0, 0, 1, 1, 0, 0, 1, 0, 0, 0, 0, 0, 0, 0, 1, 0, 0, 1, 0],
                [0, 0, 0, 0, 0, 1, 1, 1, 1, 0, 0, 1, 0, 0, 0, 1, 0, 0, 1, 0],
                [0, 0, 1, 1, 1, 0, 1, 1, 0, 0, 1, 0, 0, 0, 1, 0, 0, 0, 0, 0],
                [0, 0, 1, 0, 0, 0, 1, 0, 0, 1, 1, 0, 1, 1, 1, 0, 1, 1, 1, 1],
                [0, 0, 1, 0, 0, 0, 0, 1, 1, 0, 1, 1, 1, 0, 0, 0, 1, 0, 0, 0],
                [0, 0, 1, 1, 0, 0, 1, 1, 0, 0, 0, 0, 0, 0, 0, 0, 1, 0, 0, 0],
                [0, 1, 0, 0, 0, 0, 0, 0, 0, 0, 0, 0, 0, 0, 0, 0, 1, 0, 0, 0]
            ],
            "startCol": 1,
            "startRow": 1
        },
        "expected": []
    },
    {
        "input": {
            "endCol": 2,
            "endRow": 1,
            "graph": [
                [0, 0, 0, 0, 0, 0, 0, 0, 0, 0],
                [0, 0, 0, 0, 0, 0, 1, 0, 0, 0],
                [0, 0, 0, 0, 0, 0, 1, 0, 0, 0],
                [0, 0, 1, 0, 0, 0, 1, 0, 0, 0],
                [0, 1, 1, 0, 1, 1, 1, 0, 0, 0],
                [0, 1, 0, 1, 1, 0, 1, 0, 1, 0],
                [0, 1, 0, 1, 0, 0, 1, 0, 1, 0],
                [0, 1, 0, 1, 0, 0, 1, 0, 0, 0],
                [0, 1, 0, 0, 0, 0, 1, 0, 0, 0],
                [0, 0, 0, 0, 0, 0, 0, 0, 0, 0]
            ],
            "startCol": 1,
            "startRow": 1
        },
        "expected": [
            [1, 1],
            [1, 2]
        ]
    },
    {
        "input": {
            "endCol": 4,
            "endRow": 22,
            "graph": [
                [1, 1, 1, 1, 1, 1, 1, 1, 1, 1, 1, 1, 1, 1, 1, 1, 1, 1, 1, 1, 1, 1, 1, 1, 1],
                [0, 0, 0, 0, 0, 0, 0, 0, 0, 0, 0, 0, 0, 0, 0, 0, 0, 0, 0, 0, 0, 0, 0, 0, 0],
                [0, 1, 1, 1, 1, 1, 1, 1, 1, 1, 1, 0, 1, 1, 1, 1, 1, 1, 1, 1, 1, 1, 1, 1, 0],
                [0, 1, 0, 0, 0, 0, 0, 0, 0, 0, 0, 0, 0, 0, 0, 0, 0, 0, 0, 0, 0, 0, 0, 1, 0],
                [0, 1, 0, 1, 1, 1, 1, 1, 1, 1, 1, 1, 1, 1, 1, 1, 1, 1, 1, 1, 1, 0, 1, 0, 0]
            ],
            "startCol": 0,
            "startRow": 0
        },
        "expected": []
    }
]


# Split test_cases into separate files
for i, testcase in enumerate(data, start=1):
    filename = f"testcase{i}.json"
    with open(filename, 'w') as file:
        json.dump(testcase, file, indent=4)

print("Test cases have been saved as individual JSON files.")