import json

# List of dictionaries to split
data = [
  {
    "input": {
      "edges": [
        [
          [1, 1]
        ],
        [
          [0, 1]
        ]
      ]
    },
    "expected_output": [
      [
        [1, 1]
      ],
      [
        [0, 1]
      ]
    ]
  },
  {
    "input": {
      "edges": [
        [
          [1, 1]
        ],
        [
          [0, 1],
          [2, 2]
        ],
        [
          [1, 2]
        ]
      ]
    },
    "expected_output": [
      [
        [1, 1]
      ],
      [
        [0, 1],
        [2, 2]
      ],
      [
        [1, 2]
      ]
    ]
  },
  {
    "input": {
      "edges": [
        [
          [1, 3],
          [2, 5]
        ],
        [
          [0, 3],
          [2, 10],
          [3, 12]
        ],
        [
          [0, 5],
          [1, 10]
        ],
        [
          [1, 12]
        ]
      ]
    },
    "expected_output": [
      [
        [1, 3],
        [2, 5]
      ],
      [
        [0, 3],
        [3, 12]
      ],
      [
        [0, 5]
      ],
      [
        [1, 12]
      ]
    ]
  },
  {
    "input": {
      "edges": [
        [
          [1, 3],
          [2, 5]
        ],
        [
          [0, 3],
          [2, 10],
          [3, 12],
          [4, 1]
        ],
        [
          [0, 5],
          [1, 10],
          [4, 7]
        ],
        [
          [1, 12]
        ],
        [
          [1, 1],
          [2, 7]
        ]
      ]
    },
    "expected_output": [
      [
        [1, 3],
        [2, 5]
      ],
      [
        [0, 3],
        [3, 12],
        [4, 1]
      ],
      [
        [0, 5]
      ],
      [
        [1, 12]
      ],
      [
        [1, 1]
      ]
    ]
  },
  {
    "input": {
      "edges": [
        [
          [1, 3],
          [2, 5]
        ],
        [
          [0, 3],
          [2, 10],
          [3, 12],
          [4, 1]
        ],
        [
          [0, 5],
          [1, 10],
          [4, 7]
        ],
        [
          [1, 12],
          [4, 11]
        ],
        [
          [1, 1],
          [3, 11]
        ]
      ]
    },
    "expected_output": [
      [
        [1, 3],
        [2, 5]
      ],
      [
        [0, 3],
        [4, 1]
      ],
      [
        [0, 5]
      ],
      [
        [4, 11]
      ],
      [
        [1, 1],
        [3, 11]
      ]
    ]
  },
  {
    "input": {
      "edges": [
        [
          [1, 7]
        ],
        [
          [0, 7],
          [2, 6],
          [4, 3]
        ],
        [
          [1, 6]
        ],
        [
          [4, 2]
        ],
        [
          [1, 3],
          [3, 2]
        ]
      ]
    },
    "expected_output": [
      [
        [1, 7]
      ],
      [
        [0, 7],
        [2, 6],
        [4, 3]
      ],
      [
        [1, 6]
      ],
      [
        [4, 2]
      ],
      [
        [1, 3],
        [3, 2]
      ]
    ]
  },
  {
    "input": {
      "edges": [
        [
          [1, 7]
        ],
        [
          [0, 7],
          [2, 6],
          [4, 3]
        ],
        [
          [1, 6],
          [3, 14]
        ],
        [
          [2, 14],
          [4, 2]
        ],
        [
          [1, 3],
          [3, 2]
        ]
      ]
    },
    "expected_output": [
      [
        [1, 7]
      ],
      [
        [0, 7],
        [2, 6],
        [4, 3]
      ],
      [
        [1, 6]
      ],
      [
        [4, 2]
      ],
      [
        [1, 3],
        [3, 2]
      ]
    ]
  },
  {
    "input": {
      "edges": [
        [
          [1, 7]
        ],
        [
          [0, 7],
          [2, 6],
          [3, 20],
          [4, 3]
        ],
        [
          [1, 6],
          [3, 14]
        ],
        [
          [1, 20],
          [2, 14],
          [4, 2]
        ],
        [
          [1, 3],
          [3, 2]
        ]
      ]
    },
    "expected_output": [
      [
        [1, 7]
      ],
      [
        [0, 7],
        [2, 6],
        [3, 20],
        [4, 3]
      ],
      [
        [1, 6]
      ],
      [
        [1, 20],
        [2, 14],
        [4, 2]
      ]
    ]
  },
  {
    "input": {
      "edges": [
        [
          [1, 7],
          [2, 5]
        ],
        [
          [0, 7],
          [2, 6],
          [3, 20],
          [4, 3]
        ],
        [
          [0, 5],
          [1, 6],
          [3, 14]
        ],
        [
          [1, 20],
          [2, 14],
          [4, 2]
        ],
        [
          [1, 3],
          [3, 2]
        ]
      ]
    },
    "expected_output": [
      [
        [1, 7],
        [2, 5]
      ],
      [
        [0, 7],
        [2, 6],
        [3, 20],
        [4, 3]
      ],
      [
        [0, 5],
        [1, 6],
        [3, 14]
      ],
      [
        [1, 20],
        [2, 14],
        [4, 2]
      ],
      [
        [1, 3],
        [3, 2]
      ]
    ]
  }
]


# Split test_cases into separate files
for i, testcase in enumerate(data, start=1):
    filename = f"testcase{i}.json"
    with open(filename, 'w') as file:
        json.dump(testcase, file, indent=4)

print("Test cases have been saved as individual JSON files.")